 Шаг Элемент       Позиция X/R  Позиция Y/A  Позиция Z       Размер База        
=========================================================================
   1 Окружность        +3.0230      -6.1023    +0.1370      +0.5364             
   2 Окружность        +4.0276      -6.0968    +0.0440      +0.5598             
   3 Окружность        +5.0178      -6.1040    +0.0440      +0.5408             
   4 Окружность        +6.0213      -6.1043    +0.0440      +0.5504             
   5 Окружность        +7.0227      -6.1031    +0.0440      +0.5521             
   6 Окружность        +8.0095      -6.0971    +0.0440      +0.5868             
   7 Окружность        +9.0142      -6.1065    +0.0440      +0.5681             
   8 Окружность       +10.0163      -6.1096    +0.0440      +0.5956             
   9 Окружность       +11.0072      -6.1023    +0.0440      +0.5600             
  10 Окружность       +12.0034      -6.0949    +0.0440      +0.5511             
  11 Окружность       +12.9961      -6.0973    +0.0440      +0.5459             
  12 Окружность       +14.0038      -6.1006    +0.0440      +0.5447             
  13 Окружность       +14.9978      -6.0970    +0.0440      +0.5591             
  14 Окружность       +15.9974      -6.0654    +0.0440      +0.5860             
  15 Окружность       +16.9904      -6.0806    +0.0440      +0.5534             
  16 Окружность       +17.9937      -6.0792    +0.0440      +0.5429             
  17 Окружность       +18.9923      -6.0740    +0.0440      +0.5367             
  18 Окружность       +19.9914      -6.0529    +0.0440      +0.5946             
  19 Окружность       +20.9927      -6.0595    +0.0440      +0.5482             
  20 Окружность       +21.9995      -6.0613    +0.0440      +0.5462             
  21 Окружность       +22.9905      -6.0564    +0.0440      +0.5373             
  22 Окружность       +24.0007      -6.0468    +0.0440      +0.5403             
  23 Окружность       +24.9959      -6.0458    +0.0440      +0.5367             
  24 Окружность       +25.9972      -6.0363    +0.0440      +0.5450             
  25 Окружность       +27.0089      -6.0463    +0.0440      +0.5510             
  26 Окружность       +28.0099      -6.0346    +0.0440      +0.5505             
  27 Окружность       +29.0049      -6.0255    +0.0440      +0.5591             
  28 Окружность       +30.0049      -6.0292    +0.0440      +0.5357             
  29 Окружность       +31.0085      -6.0230    +0.0440      +0.5361             
  30 Окружность       +32.0074      -6.0271    +0.0440      +0.5303             
  31 Окружность       +33.0072      -6.0103    +0.0440      +0.5462             
  32 Окружность       +34.0102      -6.0036    +0.0440      +0.5450             
  33 Окружность       +35.0118      -6.0080    +0.0440      +0.5391             
  34 Окружность       +36.0226      -6.0179    +0.0440      +0.5252             
  35 Окружность       +37.0123      -5.9921    +0.0440      +0.5469             
  36 Окружность       +38.0140      -6.0037    +0.0440      +0.5414             
  37 Окружность       +39.0202      -5.9997    +0.0440      +0.5450             
  38 Окружность       +40.0101      -5.9901    +0.0440      +0.5418             
  39 Окружность       +41.0118      -5.9900    +0.0440      +0.5509             
  40 Окружность       +42.0160      -5.9760    +0.0440      +0.5457             
  41 Окружность       +43.0327      -5.9829    +0.0440      +0.5602             
  42 Окружность       +44.0307      -5.9761    +0.0440      +0.5461             
  43 Окружность       +45.0320      -5.9815    +0.0440      +0.5391             
  44 Окружность       +46.0321      -5.9799    +0.0440      +0.5563             
  45 Окружность       +47.0350      -5.9730    +0.0440      +0.5300             
  46 Окружность       +48.0283      -5.9777    +0.0440      +0.5437             
  47 Окружность       +49.0264      -5.9596    +0.0440      +0.5601             
  48 Окружность       +50.0312      -5.9565    +0.0440      +0.5636             
  49 Окружность       +51.0280      -5.9597    +0.0440      +0.5528             
  50 Окружность       +52.0306      -5.9426    +0.0440      +0.5568             
  51 Окружность       +53.0324      -5.9402    +0.0440      +0.5381             
  52 Окружность       +54.0377      -5.9247    +0.0440      +0.5428             
  53 Окружность       +55.0471      -5.9263    +0.0440      +0.5442             
  54 Окружность       +56.0407      -6.9320    +0.0440      +0.5589             
  55 Окружность       +56.0365      -7.9382    +0.0440      +0.5505             
  56 Окружность       +56.0161      -8.9422    +0.0440      +0.6000             
  57 Окружность       +55.9798      -9.9283    +0.0440      +0.5369             
  58 Окружность       +55.9548     -10.9307    +0.0440      +0.5412             
  59 Окружность       +55.9395     -11.9192    +0.0440      +0.5400             
  60 Окружность       +55.9293     -12.9156    +0.0440      +0.5375             
  61 Окружность       +55.9096     -13.9161    +0.0440      +0.5502             
  62 Окружность       +55.8981     -14.9109    +0.0440      +0.5468             
  63 Окружность       +55.8889     -15.9062    +0.0440      +0.5582             
  64 Окружность       +55.8807     -16.8992    +0.0440      +0.5495             
  65 Окружность       +55.8619     -17.8869    +0.0440      +0.5544             
  66 Окружность       +55.8502     -18.8788    +0.0440      +0.5508             
  67 Окружность       +55.8381     -19.8695    +0.0440      +0.5494             
  68 Окружность       +55.8381     -20.8677    +0.0440      +0.5547             
  69 Окружность       +55.8353     -21.8571    +0.0440      +0.5370             
  70 Окружность       +55.8368     -22.8388    +0.0440      +0.5410             
  71 Окружность       +55.8292     -23.8422    +0.0440      +0.5404             
  72 Окружность       +55.8258     -24.8416    +0.0440      +0.5408             
  73 Окружность       +55.8215     -25.8247    +0.0440      +0.5657             
  74 Окружность       +55.8208     -26.8238    +0.0440      +0.5370             
  75 Окружность       +55.8146     -27.8235    +0.0440      +0.5514             
  76 Окружность       +55.8170     -28.8103    +0.0440      +0.5989             
  77 Окружность       +55.8084     -29.8128    +0.0440      +0.5499             
  78 Окружность       +55.8039     -30.8035    +0.0440      +0.5257             
  79 Окружность       +55.8084     -31.7916    +0.0440      +0.5523             
  80 Окружность       +55.7954     -32.7936    +0.0440      +0.6075             
  81 Окружность       +55.7935     -33.7787    +0.0440      +0.5965             
  82 Окружность       +55.7849     -34.7655    +0.0440      +0.5365             
  83 Окружность       +55.7823     -35.7591    +0.0440      +0.6059             
  84 Окружность       +55.7875     -36.7515    +0.0440      +0.5377             
  85 Окружность       +55.7851     -37.7387    +0.0440      +0.5448             
  86 Окружность       +55.7803     -38.7303    +0.0440      +0.5996             
  87 Окружность       +55.7862     -39.7288    +0.0440      +0.5310             
  88 Окружность       +55.7882     -40.7166    +0.0440      +0.6061             
  89 Окружность       +55.7883     -41.7142    +0.0440      +0.5223             
  90 Окружность       +55.7906     -42.7026    +0.0440      +0.5281             
  91 Окружность       +55.8018     -43.6896    +0.0960      +0.5372             
  92 Окружность       +55.8091     -44.6836    +0.0950      +0.5932             
  93 Окружность       +55.8161     -45.6897    +0.0950      +0.5266             
  94 Окружность       +55.8195     -46.6749    +0.0950      +0.5880             
  95 Окружность       +55.8316     -47.6704    +0.0950      +0.5366             
  96 Окружность       +55.8304     -48.6732    +0.0950      +0.5327             
  97 Окружность       +54.8372     -49.6378    +0.0120      +0.5994             
  98 Окружность       +53.8416     -49.6403    +0.0650      +0.5166             
  99 Окружность       +52.8574     -49.6142    +0.0650      +0.5303             
 100 Окружность       +51.8581     -49.5854    +0.0650      +0.5404             
 101 Окружность       +50.8632     -49.5689    +0.0650      +0.5336             
 102 Окружность       +49.8798     -49.5627    +0.0650      +0.5327             
 103 Окружность       +48.8818     -49.5456    +0.0650      +0.5401             
 104 Окружность       +47.8995     -49.5335    +0.0630      +0.5285             
 105 Окружность       +46.9035     -49.5345    +0.0630      +0.5848             
 106 Окружность       +45.9176     -49.5230    +0.0630      +0.5387             
 107 Окружность       +44.9214     -49.5013    +0.0630      +0.5235             
 108 Окружность       +43.9372     -49.4989    +0.0630      +0.5222             
 109 Окружность       +42.9434     -49.5006    +0.0630      +0.5338             
 110 Окружность       +41.9547     -49.4937    +0.0630      +0.5261             
 111 Окружность       +40.9610     -49.4777    +0.0630      +0.5303             
 112 Окружность       +39.9662     -49.4722    +0.0630      +0.5380             
 113 Окружность       +38.9733     -49.4722    +0.0630      +0.5242             
 114 Окружность       +37.9960     -49.4574    +0.0630      +0.5327             
 115 Окружность       +37.0071     -49.4615    +0.0630      +0.5376             
 116 Окружность       +36.0185     -49.4735    +0.0630      +0.5545             
 117 Окружность       +35.0402     -49.4535    +0.0630      +0.5783             
 118 Окружность       +34.0620     -49.4598    +0.0630      +0.5234             
 119 Окружность       +33.0782     -49.4705    +0.0630      +0.5268             
 120 Окружность       +32.0816     -49.4621    +0.0630      +0.5372             
 121 Окружность       +31.0857     -49.4401    +0.0630      +0.5663             
 122 Окружность       +30.0959     -49.4567    +0.0630      +0.5760             
 123 Окружность       +29.1171     -49.4850    +0.0630      +0.5668             
 124 Окружность       +28.1276     -49.4640    +0.0630      +0.5836             
 125 Окружность       +27.1380     -49.4830    +0.0630      +0.5744             
 126 Окружность       +26.1504     -49.4685    +0.0630      +0.5840             
 127 Окружность       +25.1481     -49.4928    +0.0630      +0.5787             
 128 Окружность       +24.1769     -49.4966    +0.0630      +0.5777             
 129 Окружность       +23.1844     -49.4876    +0.0630      +0.5863             
 130 Окружность       +22.1929     -49.4919    +0.0630      +0.5177             
 131 Окружность       +21.1892     -49.5037    +0.0630      +0.5243             
 132 Окружность       +20.2148     -49.5118    +0.0630      +0.5316             
 133 Окружность       +19.2190     -49.5169    +0.0630      +0.5257             
 134 Окружность       +18.2209     -49.5372    +0.0630      +0.5668             
 135 Окружность       +17.2390     -49.5351    +0.0630      +0.5209             
 136 Окружность       +16.2465     -49.5368    +0.0630      +0.5253             
 137 Окружность       +15.2550     -49.5536    +0.0630      +0.5820             
 138 Окружность       +14.2731     -49.5526    +0.0630      +0.5175             
 139 Окружность       +13.2795     -49.5807    +0.0630      +0.5264             
 140 Окружность       +12.2854     -49.5946    +0.0630      +0.5233             
 141 Окружность       +11.2882     -49.6010    +0.0630      +0.5721             
 142 Окружность       +10.3072     -49.6156    +0.0630      +0.5193             
 143 Окружность        +9.3063     -49.6408    +0.0630      +0.5216             
 144 Окружность        +8.3066     -49.6599    +0.0630      +0.5895             
 145 Окружность        +7.3163     -49.6745    +0.0630      +0.5343             
 146 Окружность        +6.3193     -49.6843    +0.0630      +0.5856             
 147 Окружность        +5.3234     -49.7068    +0.0630      +0.5264             
 148 Окружность        +4.3296     -49.7381    +0.0630      +0.5716             
 149 Окружность        +3.3447     -49.7380    +0.0630      +0.5795             
 150 Окружность        +2.3721     -48.7624    +0.0630      +0.5111             
 151 Окружность        +2.3728     -47.7929    +0.0630      +0.5667             
 152 Окружность        +2.3628     -46.7930    +0.0630      +0.5311             
 153 Окружность        +2.3573     -45.7958    +0.0630      +0.5779             
 154 Окружность        +2.3694     -44.8156    +0.0630      +0.5175             
 155 Окружность        +2.3734     -43.8025    +0.0630      +0.5875             
 156 Окружность        +2.3794     -42.8064    +0.0630      +0.5174             
 157 Окружность        +2.3919     -41.8184    +0.0630      +0.5653             
 158 Окружность        +2.3811     -40.8177    +0.0630      +0.5800             
 159 Окружность        +2.3881     -39.8333    +0.0630      +0.5261             
 160 Окружность        +2.3829     -38.8474    +0.0630      +0.5261             
 161 Окружность        +2.3670     -37.8408    +0.0630      +0.5725             
 162 Окружность        +2.3813     -36.8506    +0.0630      +0.5728             
 163 Окружность        +2.3791     -35.8699    +0.0630      +0.5298             
 164 Окружность        +2.3781     -34.8874    +0.0630      +0.5226             
 165 Окружность        +2.3707     -33.9009    +0.0630      +0.5372             
 166 Окружность        +2.3636     -32.9016    +0.0630      +0.5295             
 167 Окружность        +2.3590     -31.9152    +0.0630      +0.5372             
 168 Окружность        +2.3402     -30.9364    +0.0630      +0.5354             
 169 Окружность        +2.3357     -29.9360    +0.0630      +0.5303             
 170 Окружность        +2.3235     -28.9464    +0.0630      +0.5307             
 171 Окружность        +2.3384     -27.9677    +0.0630      +0.5765             
 172 Окружность        +2.3176     -26.9774    +0.0630      +0.5950             
 173 Окружность        +2.3150     -25.9786    +0.0630      +0.5390             
 174 Окружность        +2.2934     -24.9942    +0.0630      +0.5289             
 175 Окружность        +2.2886     -23.9881    +0.0630      +0.5397             
 176 Окружность        +2.2769     -23.0058    +0.0630      +0.5514             
 177 Окружность        +2.2741     -22.0121    +0.0630      +0.5362             
 178 Окружность        +2.2734     -21.0246    +0.0630      +0.5767             
 179 Окружность        +2.2622     -20.0383    +0.0630      +0.5390             
 180 Окружность        +2.2522     -19.0311    +0.0630      +0.5239             
 181 Окружность        +2.2367     -18.0384    +0.0630      +0.5424             
 182 Окружность        +2.2177     -17.0499    +0.0630      +0.5297             
 183 Окружность        +2.2087     -16.0504    +0.0630      +0.5343             
 184 Окружность        +2.1989     -15.0718    +0.0630      +0.5322             
 185 Окружность        +2.1821     -14.0807    +0.0630      +0.5371             
 186 Окружность        +2.1600     -13.0814    +0.0630      +0.5508             
 187 Окружность        +2.1499     -12.0941    +0.0630      +0.5425             
 188 Окружность        +2.1255     -11.0937    +0.0630      +0.5442             
 189 Окружность        +2.1106     -10.1016    +0.0630      +0.5472             
 190 Окружность        +2.0834      -9.1174    +0.0630      +0.5452             
 191 Окружность        +2.0616      -8.1168    +0.0630      +0.5378             
 192 Окружность        +2.0447      -7.1173    +0.0630      +0.5548             
 193 Окружность        +9.0359      -7.1067    +0.0630      +0.5515             
 194 Окружность       +13.0206      -7.0938    +0.0630      +0.5481             
 195 Окружность       +17.0152      -7.0790    +0.0630      +0.5451             
 196 Окружность       +21.0108      -7.0626    +0.0630      +0.5538             
 197 Окружность       +25.0037      -7.0407    +0.0630      +0.5442             
 198 Окружность       +29.0267      -7.0227    +0.0630      +0.5568             
 199 Окружность       +33.0284      -7.0115    +0.0630      +0.5615             
 200 Окружность       +37.0336      -6.9892    +0.0630      +0.5535             
 201 Окружность       +41.0315      -6.9829    +0.0630      +0.5539             
 202 Окружность       +45.0506      -6.9694    +0.0630      +0.5325             
 203 Окружность       +49.0454      -6.9606    +0.0630      +0.5528             
 204 Окружность       +54.9639     -11.9272    +0.0630      +0.5422             
 205 Окружность       +54.9075     -15.8915    +0.0630      +0.5544             
 206 Окружность       +54.8809     -19.8712    +0.0630      +0.5440             
 207 Окружность       +54.8568     -23.8341    +0.0630      +0.5582             
 208 Окружность       +54.8471     -27.8272    +0.0630      +0.5375             
 209 Окружность       +54.8363     -31.7899    +0.0630      +0.5413             
 210 Окружность       +54.8311     -35.7640    +0.0630      +0.5339             
 211 Окружность       +54.8351     -39.7228    +0.0630      +0.5263             
 212 Окружность       +54.8416     -43.7080    +0.0630      +0.5344             
 213 Окружность       +52.8779     -48.6446    +0.0630      +0.5464             
 214 Окружность       +48.9066     -48.5847    +0.0630      +0.5359             
 215 Окружность       +44.9377     -48.5547    +0.0630      +0.5930             
 216 Окружность       +40.9816     -48.5121    +0.0630      +0.5228             
 217 Окружность       +37.0287     -48.5105    +0.0630      +0.5317             
 218 Окружность       +33.0664     -48.4923    +0.0630      +0.5268             
 219 Окружность       +29.1117     -48.5017    +0.0630      +0.5337             
 220 Окружность       +25.1488     -48.5180    +0.0630      +0.5195             
 221 Окружность       +21.1764     -48.5338    +0.0630      +0.5873             
 222 Окружность       +17.2270     -48.5685    +0.0630      +0.5332             
 223 Окружность       +13.2598     -48.6182    +0.0630      +0.5287             
 224 Окружность        +9.2965     -48.6665    +0.0630      +0.5751             
 225 Окружность        +3.3520     -43.8032    +0.0630      +0.5116             
 226 Окружность        +3.3392     -35.8759    +0.0630      +0.5310             
 227 Окружность        +3.1937     -16.0398    +0.0630      +0.5471             
 228 Окружность        +3.1312     -12.0728    +0.0630      +0.5506             
 229 Дистанция         +1.0046      +0.0055    +0.0930      +1.0046 1, 2        
 230 Дистанция         +0.9902      +0.0072    +0.0000      +0.9902 2, 3        
 231 Дистанция         +1.0035      +0.0004    +0.0000      +1.0035 3, 4        
 232 Дистанция         +1.0014      +0.0013    +0.0000      +1.0014 4, 5        
 233 Дистанция         +0.9868      +0.0060    +0.0000      +0.9869 5, 6        
 234 Дистанция         +1.0047      +0.0093    +0.0000      +1.0048 6, 7        
 235 Дистанция         +1.0021      +0.0032    +0.0000      +1.0021 7, 8        
 236 Дистанция         +0.9908      +0.0073    +0.0000      +0.9909 8, 9        
 237 Дистанция         +0.9963      +0.0074    +0.0000      +0.9963 9, 10       
 238 Дистанция         +0.9926      +0.0023    +0.0000      +0.9926 10, 11      
 239 Дистанция         +1.0078      +0.0033    +0.0000      +1.0078 11, 12      
 240 Дистанция         +0.9940      +0.0036    +0.0000      +0.9940 12, 13      
 241 Дистанция         +0.9996      +0.0315    +0.0000      +1.0001 13, 14      
 242 Дистанция         +0.9929      +0.0152    +0.0000      +0.9930 14, 15      
 243 Дистанция         +1.0034      +0.0014    +0.0000      +1.0034 15, 16      
 244 Дистанция         +0.9985      +0.0052    +0.0000      +0.9985 16, 17      
 245 Дистанция         +0.9991      +0.0212    +0.0000      +0.9993 17, 18      
 246 Дистанция         +1.0014      +0.0066    +0.0000      +1.0014 18, 19      
 247 Дистанция         +1.0068      +0.0019    +0.0000      +1.0068 19, 20      
 248 Дистанция         +0.9909      +0.0049    +0.0000      +0.9909 20, 21      
 249 Дистанция         +1.0102      +0.0097    +0.0000      +1.0103 21, 22      
 250 Дистанция         +0.9952      +0.0010    +0.0000      +0.9952 22, 23      
 251 Дистанция         +1.0013      +0.0095    +0.0000      +1.0013 23, 24      
 252 Дистанция         +1.0116      +0.0100    +0.0000      +1.0117 24, 25      
 253 Дистанция         +1.0010      +0.0117    +0.0000      +1.0011 25, 26      
 254 Дистанция         +0.9951      +0.0091    +0.0000      +0.9951 26, 27      
 255 Дистанция         +0.9999      +0.0037    +0.0000      +0.9999 27, 28      
 256 Дистанция         +1.0036      +0.0061    +0.0000      +1.0037 28, 29      
 257 Дистанция         +0.9989      +0.0041    +0.0000      +0.9989 29, 30      
 258 Дистанция         +0.9998      +0.0168    +0.0000      +1.0000 30, 31      
 259 Дистанция         +1.0030      +0.0066    +0.0000      +1.0030 31, 32      
 260 Дистанция         +1.0016      +0.0043    +0.0000      +1.0016 32, 33      
 261 Дистанция         +1.0108      +0.0099    +0.0000      +1.0108 33, 34      
 262 Дистанция         +0.9897      +0.0258    +0.0000      +0.9900 34, 35      
 263 Дистанция         +1.0017      +0.0116    +0.0000      +1.0018 35, 36      
 264 Дистанция         +1.0062      +0.0040    +0.0000      +1.0062 36, 37      
 265 Дистанция         +0.9899      +0.0096    +0.0000      +0.9900 37, 38      
 266 Дистанция         +1.0017      +0.0001    +0.0000      +1.0017 38, 39      
 267 Дистанция         +1.0043      +0.0140    +0.0000      +1.0044 39, 40      
 268 Дистанция         +1.0167      +0.0069    +0.0000      +1.0167 40, 41      
 269 Дистанция         +0.9980      +0.0068    +0.0000      +0.9980 41, 42      
 270 Дистанция         +1.0014      +0.0053    +0.0000      +1.0014 42, 43      
 271 Дистанция         +1.0000      +0.0015    +0.0000      +1.0000 43, 44      
 272 Дистанция         +1.0030      +0.0069    +0.0000      +1.0030 44, 45      
 273 Дистанция         +0.9933      +0.0047    +0.0000      +0.9933 45, 46      
 274 Дистанция         +0.9981      +0.0181    +0.0000      +0.9982 46, 47      
 275 Дистанция         +1.0048      +0.0031    +0.0000      +1.0048 47, 48      
 276 Дистанция         +0.9968      +0.0033    +0.0000      +0.9968 48, 49      
 277 Дистанция         +1.0026      +0.0172    +0.0000      +1.0028 49, 50      
 278 Дистанция         +1.0018      +0.0024    +0.0000      +1.0018 50, 51      
 279 Дистанция         +1.0053      +0.0155    +0.0000      +1.0055 51, 52      
 280 Дистанция         +1.0094      +0.0017    +0.0000      +1.0094 52, 53      
 281 Дистанция         +0.9936      +1.0057    +0.0000      +1.4137 53, 54      
 282 Дистанция         +0.0042      +1.0062    +0.0000      +1.0062 54, 55      
 283 Дистанция         +0.0205      +1.0040    +0.0000      +1.0042 55, 56      
 284 Дистанция         +0.0363      +0.9861    +0.0000      +0.9867 56, 57      
 285 Дистанция         +0.0250      +1.0024    +0.0000      +1.0027 57, 58      
 286 Дистанция         +0.0153      +0.9885    +0.0000      +0.9886 58, 59      
 287 Дистанция         +0.0102      +0.9964    +0.0000      +0.9965 59, 60      
 288 Дистанция         +0.0197      +1.0005    +0.0000      +1.0006 60, 61      
 289 Дистанция         +0.0115      +0.9948    +0.0000      +0.9949 61, 62      
 290 Дистанция         +0.0092      +0.9953    +0.0000      +0.9953 62, 63      
 291 Дистанция         +0.0082      +0.9931    +0.0000      +0.9931 63, 64      
 292 Дистанция         +0.0188      +0.9877    +0.0000      +0.9879 64, 65      
 293 Дистанция         +0.0117      +0.9919    +0.0000      +0.9919 65, 66      
 294 Дистанция         +0.0121      +0.9907    +0.0000      +0.9908 66, 67      
 295 Дистанция         +0.0000      +0.9982    +0.0000      +0.9982 67, 68      
 296 Дистанция         +0.0028      +0.9894    +0.0000      +0.9894 68, 69      
 297 Дистанция         +0.0015      +0.9817    +0.0000      +0.9817 69, 70      
 298 Дистанция         +0.0076      +1.0033    +0.0000      +1.0034 70, 71      
 299 Дистанция         +0.0034      +0.9994    +0.0000      +0.9994 71, 72      
 300 Дистанция         +0.0042      +0.9831    +0.0000      +0.9831 72, 73      
 301 Дистанция         +0.0008      +0.9991    +0.0000      +0.9991 73, 74      
 302 Дистанция         +0.0062      +0.9997    +0.0000      +0.9997 74, 75      
 303 Дистанция         +0.0024      +0.9868    +0.0000      +0.9868 75, 76      
 304 Дистанция         +0.0086      +1.0025    +0.0000      +1.0025 76, 77      
 305 Дистанция         +0.0045      +0.9907    +0.0000      +0.9907 77, 78      
 306 Дистанция         +0.0045      +0.9882    +0.0000      +0.9882 78, 79      
 307 Дистанция         +0.0130      +1.0020    +0.0000      +1.0021 79, 80      
 308 Дистанция         +0.0019      +0.9851    +0.0000      +0.9851 80, 81      
 309 Дистанция         +0.0087      +0.9868    +0.0000      +0.9868 81, 82      
 310 Дистанция         +0.0025      +0.9936    +0.0000      +0.9936 82, 83      
 311 Дистанция         +0.0052      +0.9924    +0.0000      +0.9924 83, 84      
 312 Дистанция         +0.0025      +0.9872    +0.0000      +0.9872 84, 85      
 313 Дистанция         +0.0047      +0.9916    +0.0000      +0.9916 85, 86      
 314 Дистанция         +0.0059      +0.9985    +0.0000      +0.9985 86, 87      
 315 Дистанция         +0.0019      +0.9878    +0.0000      +0.9878 87, 88      
 316 Дистанция         +0.0001      +0.9976    +0.0000      +0.9976 88, 89      
 317 Дистанция         +0.0023      +0.9884    +0.0000      +0.9884 89, 90      
 318 Дистанция         +0.0112      +0.9870    +0.0520      +0.9871 90, 91      
 319 Дистанция         +0.0073      +0.9940    +0.0010      +0.9941 91, 92      
 320 Дистанция         +0.0070      +1.0061    +0.0000      +1.0061 92, 93      
 321 Дистанция         +0.0033      +0.9852    +0.0000      +0.9852 93, 94      
 322 Дистанция         +0.0121      +0.9955    +0.0000      +0.9956 94, 95      
 323 Дистанция         +0.0011      +1.0027    +0.0000      +1.0027 95, 96      
 324 Дистанция         +0.9933      +0.9646    +0.0830      +1.3846 96, 97      
 325 Дистанция         +0.9956      +0.0025    +0.0530      +0.9956 97, 98      
 326 Дистанция         +0.9842      +0.0261    +0.0000      +0.9846 98, 99      
 327 Дистанция         +0.9993      +0.0288    +0.0000      +0.9997 99, 100     
 328 Дистанция         +0.9949      +0.0165    +0.0000      +0.9950 100, 101    
 329 Дистанция         +0.9834      +0.0062    +0.0000      +0.9834 101, 102    
 330 Дистанция         +0.9981      +0.0171    +0.0000      +0.9982 102, 103    
 331 Дистанция         +0.9823      +0.0121    +0.0020      +0.9823 103, 104    
 332 Дистанция         +0.9960      +0.0010    +0.0000      +0.9960 104, 105    
 333 Дистанция         +0.9859      +0.0115    +0.0000      +0.9860 105, 106    
 334 Дистанция         +0.9962      +0.0217    +0.0000      +0.9965 106, 107    
 335 Дистанция         +0.9841      +0.0024    +0.0000      +0.9841 107, 108    
 336 Дистанция         +0.9939      +0.0018    +0.0000      +0.9939 108, 109    
 337 Дистанция         +0.9887      +0.0069    +0.0000      +0.9887 109, 110    
 338 Дистанция         +0.9937      +0.0160    +0.0000      +0.9938 110, 111    
 339 Дистанция         +0.9949      +0.0056    +0.0000      +0.9949 111, 112    
 340 Дистанция         +0.9929      +0.0000    +0.0000      +0.9929 112, 113    
 341 Дистанция         +0.9773      +0.0148    +0.0000      +0.9774 113, 114    
 342 Дистанция         +0.9889      +0.0042    +0.0000      +0.9889 114, 115    
 343 Дистанция         +0.9885      +0.0119    +0.0000      +0.9886 115, 116    
 344 Дистанция         +0.9784      +0.0199    +0.0000      +0.9786 116, 117    
 345 Дистанция         +0.9781      +0.0063    +0.0000      +0.9781 117, 118    
 346 Дистанция         +0.9838      +0.0107    +0.0000      +0.9839 118, 119    
 347 Дистанция         +0.9966      +0.0084    +0.0000      +0.9967 119, 120    
 348 Дистанция         +0.9959      +0.0220    +0.0000      +0.9962 120, 121    
 349 Дистанция         +0.9898      +0.0166    +0.0000      +0.9899 121, 122    
 350 Дистанция         +0.9787      +0.0283    +0.0000      +0.9792 122, 123    
 351 Дистанция         +0.9895      +0.0211    +0.0000      +0.9897 123, 124    
 352 Дистанция         +0.9897      +0.0191    +0.0000      +0.9899 124, 125    
 353 Дистанция         +0.9875      +0.0145    +0.0000      +0.9876 125, 126    
 354 Дистанция         +1.0023      +0.0243    +0.0000      +1.0026 126, 127    
 355 Дистанция         +0.9712      +0.0038    +0.0000      +0.9713 127, 128    
 356 Дистанция         +0.9925      +0.0090    +0.0000      +0.9925 128, 129    
 357 Дистанция         +0.9915      +0.0043    +0.0000      +0.9915 129, 130    
 358 Дистанция         +1.0038      +0.0118    +0.0000      +1.0038 130, 131    
 359 Дистанция         +0.9744      +0.0081    +0.0000      +0.9744 131, 132    
 360 Дистанция         +0.9958      +0.0051    +0.0000      +0.9958 132, 133    
 361 Дистанция         +0.9981      +0.0203    +0.0000      +0.9983 133, 134    
 362 Дистанция         +0.9819      +0.0021    +0.0000      +0.9819 134, 135    
 363 Дистанция         +0.9925      +0.0017    +0.0000      +0.9925 135, 136    
 364 Дистанция         +0.9915      +0.0168    +0.0000      +0.9916 136, 137    
 365 Дистанция         +0.9818      +0.0010    +0.0000      +0.9818 137, 138    
 366 Дистанция         +0.9936      +0.0281    +0.0000      +0.9940 138, 139    
 367 Дистанция         +0.9941      +0.0139    +0.0000      +0.9942 139, 140    
 368 Дистанция         +0.9972      +0.0063    +0.0000      +0.9972 140, 141    
 369 Дистанция         +0.9810      +0.0146    +0.0000      +0.9811 141, 142    
 370 Дистанция         +1.0009      +0.0252    +0.0000      +1.0012 142, 143    
 371 Дистанция         +0.9996      +0.0191    +0.0000      +0.9998 143, 144    
 372 Дистанция         +0.9904      +0.0146    +0.0000      +0.9905 144, 145    
 373 Дистанция         +0.9970      +0.0098    +0.0000      +0.9970 145, 146    
 374 Дистанция         +0.9959      +0.0225    +0.0000      +0.9962 146, 147    
 375 Дистанция         +0.9938      +0.0312    +0.0000      +0.9943 147, 148    
 376 Дистанция         +0.9849      +0.0001    +0.0000      +0.9849 148, 149    
 377 Дистанция         +0.9726      +0.9756    +0.0000      +1.3776 149, 150    
 378 Дистанция         +0.0007      +0.9695    +0.0000      +0.9695 150, 151    
 379 Дистанция         +0.0100      +1.0000    +0.0000      +1.0000 151, 152    
 380 Дистанция         +0.0056      +0.9971    +0.0000      +0.9971 152, 153    
 381 Дистанция         +0.0121      +0.9803    +0.0000      +0.9803 153, 154    
 382 Дистанция         +0.0041      +1.0131    +0.0000      +1.0131 154, 155    
 383 Дистанция         +0.0060      +0.9961    +0.0000      +0.9961 155, 156    
 384 Дистанция         +0.0124      +0.9880    +0.0000      +0.9881 156, 157    
 385 Дистанция         +0.0108      +1.0007    +0.0000      +1.0008 157, 158    
 386 Дистанция         +0.0071      +0.9844    +0.0000      +0.9845 158, 159    
 387 Дистанция         +0.0052      +0.9858    +0.0000      +0.9858 159, 160    
 388 Дистанция         +0.0160      +1.0066    +0.0000      +1.0067 160, 161    
 389 Дистанция         +0.0143      +0.9902    +0.0000      +0.9903 161, 162    
 390 Дистанция         +0.0022      +0.9807    +0.0000      +0.9807 162, 163    
 391 Дистанция         +0.0010      +0.9824    +0.0000      +0.9824 163, 164    
 392 Дистанция         +0.0074      +0.9865    +0.0000      +0.9866 164, 165    
 393 Дистанция         +0.0071      +0.9993    +0.0000      +0.9993 165, 166    
 394 Дистанция         +0.0046      +0.9864    +0.0000      +0.9864 166, 167    
 395 Дистанция         +0.0188      +0.9789    +0.0000      +0.9790 167, 168    
 396 Дистанция         +0.0044      +1.0004    +0.0000      +1.0004 168, 169    
 397 Дистанция         +0.0122      +0.9896    +0.0000      +0.9897 169, 170    
 398 Дистанция         +0.0148      +0.9787    +0.0000      +0.9788 170, 171    
 399 Дистанция         +0.0207      +0.9903    +0.0000      +0.9906 171, 172    
 400 Дистанция         +0.0026      +0.9987    +0.0000      +0.9987 172, 173    
 401 Дистанция         +0.0216      +0.9844    +0.0000      +0.9847 173, 174    
 402 Дистанция         +0.0048      +1.0061    +0.0000      +1.0061 174, 175    
 403 Дистанция         +0.0117      +0.9823    +0.0000      +0.9823 175, 176    
 404 Дистанция         +0.0028      +0.9938    +0.0000      +0.9938 176, 177    
 405 Дистанция         +0.0007      +0.9875    +0.0000      +0.9875 177, 178    
 406 Дистанция         +0.0112      +0.9863    +0.0000      +0.9864 178, 179    
 407 Дистанция         +0.0100      +1.0072    +0.0000      +1.0073 179, 180    
 408 Дистанция         +0.0155      +0.9927    +0.0000      +0.9928 180, 181    
 409 Дистанция         +0.0190      +0.9884    +0.0000      +0.9886 181, 182    
 410 Дистанция         +0.0090      +0.9996    +0.0000      +0.9996 182, 183    
 411 Дистанция         +0.0098      +0.9786    +0.0000      +0.9786 183, 184    
 412 Дистанция         +0.0168      +0.9911    +0.0000      +0.9912 184, 185    
 413 Дистанция         +0.0221      +0.9993    +0.0000      +0.9995 185, 186    
 414 Дистанция         +0.0101      +0.9873    +0.0000      +0.9874 186, 187    
 415 Дистанция         +0.0244      +1.0004    +0.0000      +1.0007 187, 188    
 416 Дистанция         +0.0149      +0.9921    +0.0000      +0.9922 188, 189    
 417 Дистанция         +0.0272      +0.9842    +0.0000      +0.9845 189, 190    
 418 Дистанция         +0.0217      +1.0006    +0.0000      +1.0009 190, 191    
 419 Дистанция         +0.0170      +0.9995    +0.0000      +0.9997 191, 192    
 420 Дистанция         +0.9784      +1.0150    +0.0740      +1.4098 192, 1      
 421 Дистанция         +0.0217      +1.0003    +0.0190      +1.0005 7, 193      
 422 Дистанция         +0.0245      +0.9965    +0.0190      +0.9968 11, 194     
 423 Дистанция         +0.0248      +0.9984    +0.0190      +0.9987 15, 195     
 424 Дистанция         +0.0181      +1.0032    +0.0190      +1.0033 19, 196     
 425 Дистанция         +0.0078      +0.9949    +0.0190      +0.9949 23, 197     
 426 Дистанция         +0.0217      +0.9972    +0.0190      +0.9975 27, 198     
 427 Дистанция         +0.0212      +1.0012    +0.0190      +1.0015 31, 199     
 428 Дистанция         +0.0213      +0.9971    +0.0190      +0.9973 35, 200     
 429 Дистанция         +0.0198      +0.9929    +0.0190      +0.9931 39, 201     
 430 Дистанция         +0.0186      +0.9880    +0.0190      +0.9881 43, 202     
 431 Дистанция         +0.0190      +1.0011    +0.0190      +1.0012 47, 203     
 432 Дистанция         +0.9756      +0.0081    +0.0190      +0.9756 59, 204     
 433 Дистанция         +0.9814      +0.0146    +0.0190      +0.9815 63, 205     
 434 Дистанция         +0.9572      +0.0016    +0.0190      +0.9572 67, 206     
 435 Дистанция         +0.9723      +0.0081    +0.0190      +0.9724 71, 207     
 436 Дистанция         +0.9675      +0.0036    +0.0190      +0.9675 75, 208     
 437 Дистанция         +0.9722      +0.0018    +0.0190      +0.9722 79, 209     
 438 Дистанция         +0.9512      +0.0049    +0.0190      +0.9512 83, 210     
 439 Дистанция         +0.9511      +0.0060    +0.0190      +0.9511 87, 211     
 440 Дистанция         +0.9602      +0.0184    +0.0330      +0.9604 91, 212     
 441 Дистанция         +0.0205      +0.9696    +0.0020      +0.9699 99, 213     
 442 Дистанция         +0.0248      +0.9609    +0.0020      +0.9613 103, 214    
 443 Дистанция         +0.0164      +0.9465    +0.0000      +0.9467 107, 215    
 444 Дистанция         +0.0206      +0.9657    +0.0000      +0.9659 111, 216    
 445 Дистанция         +0.0216      +0.9511    +0.0000      +0.9513 115, 217    
 446 Дистанция         +0.0118      +0.9782    +0.0000      +0.9782 119, 218    
 447 Дистанция         +0.0054      +0.9833    +0.0000      +0.9833 123, 219    
 448 Дистанция         +0.0007      +0.9748    +0.0000      +0.9748 127, 220    
 449 Дистанция         +0.0128      +0.9698    +0.0000      +0.9699 131, 221    
 450 Дистанция         +0.0120      +0.9666    +0.0000      +0.9667 135, 222    
 451 Дистанция         +0.0197      +0.9625    +0.0000      +0.9627 139, 223    
 452 Дистанция         +0.0098      +0.9743    +0.0000      +0.9743 143, 224    
 453 Дистанция         +0.9785      +0.0007    +0.0000      +0.9785 155, 225    
 454 Дистанция         +0.9601      +0.0061    +0.0000      +0.9601 163, 226    
 455 Дистанция         +0.9850      +0.0105    +0.0000      +0.9851 183, 227    
 456 Дистанция         +0.9814      +0.0213    +0.0000      +0.9816 187, 228    
 457 Линия             +3.9209      -2.8004    -0.3980    +180.2765             
 458 Линия            +16.0901      -2.7772    -0.3980    +180.3558             
 459 Линия            +30.2807      -2.7094    -0.3980    +180.6294             
 460 Линия            +44.7362      -2.6456    -0.3980    +180.8767             
 461 Линия            +53.8174      -2.5704    -0.3980    +180.4817             
 462 Линия            +59.3603      -7.7296    -0.3980     +89.7238             
 463 Линия            +59.2254     -17.3133    -0.3980     +89.4451             
 464 Линия            +59.1707     -27.5047    -0.3980     +89.9290             
 465 Линия            +59.1494     -37.8197    -0.3980     +90.2029             
 466 Линия            +59.2055     -48.5006    -0.3980     +89.6576             
 467 Линия            +54.2134     -52.7711    -0.3980      +0.2980             
 468 Линия            +45.0805     -52.6667    -0.3980    +359.9653             
 469 Линия            +31.0846     -52.6268    -0.3980      +0.5665             
 470 Линия            +16.6892     -52.7231    -0.3980      +1.0415             
 471 Линия             +3.6298     -52.9349    -0.3980      +0.3680             
 472 Линия             -0.8257     -48.6185    -0.3980    +270.2935             
 473 Линия             -0.8153     -37.2859    -0.3980    +270.5922             
 474 Линия             -0.8824     -26.2745    -0.3980    +270.6074             
 475 Линия             -0.9972     -16.0402    -0.3980    +271.0649             
 476 Линия             -1.1671      -6.9198    -0.3980    +268.8275             